              precision    recall  f1-score   support

           0       1.00      1.00      1.00      5909
           1       0.61      0.65      0.63      5940
           2       0.68      0.66      0.67      6046
           3       0.88      0.87      0.88      6040
           4       0.98      0.98      0.98      6024
           5       0.79      0.75      0.77      5971
           6       0.46      0.49      0.47      5887
           7       0.48      0.46      0.47      6019
           8       0.96      0.95      0.95      6170
           9       0.99      0.99      0.99      5908
          10       0.81      0.80      0.80      6012

    accuracy                           0.78     65926
   macro avg       0.78      0.78      0.78     65926
weighted avg       0.78      0.78      0.78     65926
