              precision    recall  f1-score   support

           0       0.99      0.99      0.99      5909
           1       0.58      0.57      0.57      5940
           2       0.68      0.73      0.70      6046
           3       0.83      0.84      0.83      6040
           4       0.85      0.91      0.88      6024
           5       0.81      0.74      0.77      5971
           6       0.44      0.50      0.47      5887
           7       0.48      0.44      0.46      6019
           8       0.94      0.96      0.95      6170
           9       0.99      0.98      0.99      5908
          10       0.84      0.75      0.80      6012

    accuracy                           0.76     65926
   macro avg       0.77      0.76      0.76     65926
weighted avg       0.77      0.76      0.77     65926
