              precision    recall  f1-score   support

           0       0.83      0.59      0.69      5909
           1       0.09      0.03      0.05      5940
           2       0.60      0.11      0.19      6046
           3       0.44      0.90      0.59      6040
           4       0.00      0.00      0.00      6024
           5       0.38      0.93      0.54      5971
           6       0.26      0.01      0.03      5887
           7       0.10      0.05      0.07      6019
           8       0.94      0.83      0.88      6170
           9       0.31      0.99      0.47      5908
          10       0.88      0.65      0.75      6012

    accuracy                           0.46     65926
   macro avg       0.44      0.46      0.39     65926
weighted avg       0.44      0.46      0.39     65926
