              precision    recall  f1-score   support

           0       1.00      1.00      1.00      5909
           1       0.67      0.63      0.65      5940
           2       0.68      0.69      0.68      6046
           3       0.88      0.89      0.88      6040
           4       0.99      0.99      0.99      6024
           5       0.77      0.78      0.78      5971
           6       0.47      0.48      0.47      5887
           7       0.49      0.48      0.49      6019
           8       0.96      0.96      0.96      6170
           9       0.99      0.99      0.99      5908
          10       0.82      0.80      0.81      6012

    accuracy                           0.79     65926
   macro avg       0.79      0.79      0.79     65926
weighted avg       0.79      0.79      0.79     65926
