              precision    recall  f1-score   support

           0       0.99      0.98      0.98       976
           1       0.60      0.65      0.63      5806
           2       0.67      0.66      0.67      5706
           3       0.88      0.88      0.88      5961
           4       0.98      0.98      0.98      5980
           5       0.80      0.75      0.77      5977
           6       0.48      0.49      0.48      5966
           7       0.49      0.48      0.48      5988
           8       0.95      0.95      0.95      5918
           9       0.99      0.99      0.99      5933
          10       0.80      0.78      0.79      5765

    accuracy                           0.77     59976
   macro avg       0.78      0.78      0.78     59976
weighted avg       0.77      0.77      0.77     59976
