              precision    recall  f1-score   support

           0       0.44      0.22      0.30       976
           1       0.13      0.05      0.07      5806
           2       0.49      0.05      0.09      5706
           3       0.41      0.90      0.56      5961
           4       0.00      0.00      0.00      5980
           5       0.43      0.94      0.59      5977
           6       0.10      0.02      0.03      5966
           7       0.25      0.06      0.10      5988
           8       0.94      0.84      0.89      5918
           9       0.32      0.99      0.48      5933
          10       0.84      0.65      0.73      5765

    accuracy                           0.45     59976
   macro avg       0.39      0.43      0.35     59976
weighted avg       0.39      0.45      0.35     59976
