              precision    recall  f1-score   support

           0       0.99      0.99      0.99       948
           1       0.62      0.65      0.63      5994
           2       0.66      0.65      0.66      5640
           3       0.88      0.88      0.88      5935
           4       0.98      0.98      0.98      6014
           5       0.78      0.75      0.77      5781
           6       0.47      0.48      0.48      5994
           7       0.47      0.46      0.47      5908
           8       0.95      0.95      0.95      5938
           9       0.99      0.99      0.99      6024
          10       0.80      0.78      0.79      5800

    accuracy                           0.76     59976
   macro avg       0.78      0.78      0.78     59976
weighted avg       0.76      0.76      0.76     59976
