              precision    recall  f1-score   support

           0       0.99      1.00      1.00       968
           1       0.67      0.63      0.65      5818
           2       0.67      0.71      0.69      5676
           3       0.88      0.89      0.89      6052
           4       0.99      0.99      0.99      5969
           5       0.79      0.78      0.79      5950
           6       0.48      0.48      0.48      6055
           7       0.47      0.48      0.48      5964
           8       0.96      0.96      0.96      5999
           9       0.99      0.99      0.99      5913
          10       0.82      0.79      0.80      5612

    accuracy                           0.77     59976
   macro avg       0.79      0.79      0.79     59976
weighted avg       0.78      0.77      0.78     59976
