              precision    recall  f1-score   support

           0       1.00      0.99      1.00       968
           1       0.79      0.66      0.72      5818
           2       0.71      0.83      0.77      5676
           3       0.90      0.91      0.90      6052
           4       1.00      1.00      1.00      5969
           5       0.81      0.83      0.82      5950
           6       0.53      0.51      0.52      6055
           7       0.52      0.52      0.52      5964
           8       0.95      0.98      0.97      5999
           9       1.00      0.99      1.00      5913
          10       0.84      0.84      0.84      5612

    accuracy                           0.81     59976
   macro avg       0.82      0.82      0.82     59976
weighted avg       0.81      0.81      0.81     59976
