              precision    recall  f1-score   support

           0       0.95      0.94      0.95       948
           1       0.58      0.57      0.57      5994
           2       0.66      0.72      0.69      5640
           3       0.81      0.85      0.83      5935
           4       0.85      0.90      0.87      6014
           5       0.81      0.73      0.77      5781
           6       0.45      0.50      0.47      5994
           7       0.47      0.44      0.45      5908
           8       0.94      0.96      0.95      5938
           9       0.99      0.99      0.99      6024
          10       0.84      0.74      0.79      5800

    accuracy                           0.74     59976
   macro avg       0.76      0.76      0.76     59976
weighted avg       0.74      0.74      0.74     59976
