              precision    recall  f1-score   support

           0       0.80      0.52      0.63       948
           1       0.11      0.03      0.04      5994
           2       0.49      0.07      0.12      5640
           3       0.40      0.90      0.55      5935
           4       0.00      0.00      0.00      6014
           5       0.38      0.94      0.54      5781
           6       0.11      0.01      0.02      5994
           7       0.46      0.06      0.11      5908
           8       0.94      0.83      0.88      5938
           9       0.32      0.99      0.48      6024
          10       0.82      0.65      0.72      5800

    accuracy                           0.45     59976
   macro avg       0.44      0.45      0.37     59976
weighted avg       0.41      0.45      0.35     59976
