              precision    recall  f1-score   support

           0       0.99      0.99      0.99       948
           1       0.68      0.63      0.65      5994
           2       0.66      0.68      0.67      5640
           3       0.87      0.90      0.88      5935
           4       0.99      0.99      0.99      6014
           5       0.76      0.78      0.77      5781
           6       0.47      0.47      0.47      5994
           7       0.47      0.48      0.48      5908
           8       0.95      0.95      0.95      5938
           9       0.99      0.99      0.99      6024
          10       0.81      0.79      0.80      5800

    accuracy                           0.77     59976
   macro avg       0.79      0.79      0.79     59976
weighted avg       0.77      0.77      0.77     59976
